Generated by GetData Graph Digitizer 2.22 on May 22 2013, 16:36
from file 'C:\Users\51665\Documents\Engineering_Projects\SingleDirecValve\materialData\80_Noryl 731 Campus data.jpg'

15.0Mpa80oC
 0.00000000000000e+000    1.20983606557377e+000
 2.69141531322506e-001    1.27868852459016e+000
 5.84686774941995e-001    1.37213114754098e+000
 9.09512761020882e-001    1.47049180327869e+000
 1.21577726218097e+000    1.59344262295082e+000
 1.52204176334107e+000    1.73114754098361e+000
 1.84686774941995e+000    1.90819672131148e+000
 2.12993039443155e+000    2.09016393442623e+000
 2.41763341067285e+000    2.31147540983607e+000
 2.69141531322506e+000    2.53770491803279e+000
 2.99767981438515e+000    2.79836065573770e+000

13.5Mpa80oC
 0.00000000000000e+000    1.05737704918033e+000
 3.34106728538283e-001    1.13606557377049e+000
 6.63573085846868e-001    1.21967213114754e+000
 9.74477958236659e-001    1.30819672131148e+000
 1.27146171693736e+000    1.40655737704918e+000
 1.58700696055684e+000    1.52950819672131e+000
 1.87935034802784e+000    1.67213114754098e+000
 2.12529002320186e+000    1.80491803278689e+000
 2.34802784222738e+000    1.95245901639344e+000
 2.64965197215777e+000    2.15409836065574e+000
 2.99303944315545e+000    2.40491803278689e+000

12.0Mpa80oC
 4.64037122969838e-003    9.19672131147541e-001
 3.57308584686775e-001    9.83606557377049e-001
 7.56380510440835e-001    1.07213114754098e+000
 1.04872389791183e+000    1.14098360655738e+000
 1.38747099767981e+000    1.24918032786885e+000
 1.68909512761021e+000    1.34754098360656e+000
 2.00464037122970e+000    1.47540983606557e+000
 2.36658932714617e+000    1.64754098360656e+000
 2.76566125290023e+000    1.88360655737705e+000
 3.29002320185615e+000    2.28196721311475e+000
 3.89791183294664e+000    2.85245901639344e+000

10.5Mpa80oC
 0.00000000000000e+000    7.86885245901639e-001
 5.33642691415313e-001    8.60655737704918e-001
 1.04408352668213e+000    9.68852459016393e-001
 1.50348027842227e+000    1.08688524590164e+000
 1.99535962877030e+000    1.24426229508197e+000
 2.34338747099768e+000    1.38196721311475e+000
 2.73781902552204e+000    1.55409836065574e+000
 3.01624129930394e+000    1.71639344262295e+000
 3.31322505800464e+000    1.91311475409836e+000
 3.61948955916473e+000    2.14918032786885e+000
 3.99071925754060e+000    2.44918032786885e+000

9.0Mpa80oC
 0.00000000000000e+000    6.59016393442623e-001
 4.17633410672854e-001    7.08196721311475e-001
 8.58468677494200e-001    7.72131147540984e-001
 1.36890951276102e+000    8.60655737704918e-001
 1.79118329466357e+000    9.59016393442623e-001
 2.16241299303944e+000    1.06721311475410e+000
 2.57540603248260e+000    1.20491803278689e+000
 2.96983758700696e+000    1.36721311475410e+000
 3.26682134570766e+000    1.52950819672131e+000
 3.60556844547564e+000    1.73114754098361e+000
 3.99071925754060e+000    1.98196721311475e+000

7.5Mpa80oC
 0.00000000000000e+000    5.31147540983607e-001
 4.17633410672854e-001    5.70491803278689e-001
 8.44547563805104e-001    6.14754098360656e-001
 1.23433874709977e+000    6.68852459016393e-001
 1.62412993039443e+000    7.32786885245902e-001
 1.99535962877030e+000    8.06557377049180e-001
 2.37587006960557e+000    9.00000000000000e-001
 2.72389791183295e+000    1.00327868852459e+000
 3.07656612529002e+000    1.12622950819672e+000
 3.52204176334107e+000    1.31803278688525e+000
 3.98607888631090e+000    1.53934426229508e+000

6.0Mpa80oC
 0.00000000000000e+000    4.13114754098361e-001
 4.36194895591647e-001    4.42622950819672e-001
 8.81670533642691e-001    4.77049180327869e-001
 1.30394431554524e+000    5.16393442622951e-001
 1.77262180974478e+000    5.80327868852459e-001
 2.16241299303944e+000    6.39344262295082e-001
 2.56148491879350e+000    7.13114754098361e-001
 2.85846867749420e+000    7.81967213114754e-001
 3.21113689095128e+000    8.75409836065574e-001
 3.59628770301624e+000    1.00327868852459e+000
 3.98607888631090e+000    1.14590163934426e+000

4.5Mpa80oC
 0.00000000000000e+000    3.04918032786885e-001
 3.52668213457077e-001    3.19672131147541e-001
 7.23897911832947e-001    3.34426229508197e-001
 1.16937354988399e+000    3.59016393442623e-001
 1.58700696055684e+000    3.93442622950820e-001
 2.00464037122970e+000    4.32786885245902e-001
 2.41299303944316e+000    4.77049180327869e-001
 2.80278422273782e+000    5.36065573770492e-001
 3.18793503480278e+000    6.04918032786885e-001
 3.57308584686775e+000    6.88524590163934e-001
 3.96287703016241e+000    7.86885245901639e-001

3.0Mpa80oC
 0.00000000000000e+000    1.96721311475410e-001
 3.94431554524362e-001    2.06557377049180e-001
 8.21345707656613e-001    2.16393442622951e-001
 1.20649651972158e+000    2.31147540983607e-001
 1.54060324825986e+000    2.50819672131148e-001
 1.91647331786543e+000    2.70491803278689e-001
 2.31090487238979e+000    2.95081967213115e-001
 2.70069605568445e+000    3.29508196721311e-001
 3.04872389791183e+000    3.59016393442623e-001
 3.45707656612529e+000    4.08196721311475e-001
 3.92111368909513e+000    4.77049180327869e-001

1.5Mpa80oC
 0.00000000000000e+000    9.83606557377049e-002
 4.22273781902552e-001    9.83606557377049e-002
 8.12064965197216e-001    1.03278688524590e-001
 1.29466357308585e+000    1.18032786885246e-001
 1.71693735498840e+000    1.22950819672131e-001
 2.08816705336427e+000    1.32786885245902e-001
 2.42227378190255e+000    1.42622950819672e-001
 2.79814385150812e+000    1.57377049180328e-001
 3.20185614849188e+000    1.77049180327869e-001
 3.59164733178654e+000    2.01639344262295e-001
 3.97679814385151e+000    2.21311475409836e-001
